## Mis-match Orders##
jan2014Addition <- c(5833124,5833160,5833209,5833321,5833385,5833459,5833694,5833713,5833842,5852006,5834123,5834301,5834343,5834492,5834561,5834749,5834784,5834806,5834958,5835051,5835072,5835455,5835661,5835944,5835956,5835996,5836083,5836150,5836432,
                     5833116,5833136,5833260,5833261,5833453,5833500,5833623,5833650,5833703,5833772,5833773,5833809,5833845,5833877,5833954,5834018,5834213,5834506,5834519,5834591,5834856,5834866,5835017,5835217,5835231,5835257,5839198,5835286,5835342,5835381,5835726,5836018,5836029,5836078,5836274,5836286,5836287,5836645,
                     5833342,5834098,5834364,5835367,5835437,5835668);

jan2014Existing <- c(5771138,5777338,5787362,5789557,5791418,5796479,5797644,5796149,5799667,5757019,5801396,5760597,5774318,5804438,5804606,5804950,5805766,5806839,5808244,5809259,5806927,5810845,5811512,5775532,5812528,5813063,5809363,5813335,5815293,5817882,5819148,5822777,5821555,5825590,5826123,5826285,5827549,5828775,5829270,5829494,5829545,5829593,5830401,5831285,5832528,5832842,5693514,5692711,5692905,5697535,5698194,5698376,5698499,5698552,5703741,5700847,5700819,5701539,5701742,5702401,5703059,5703183,5704645,5706313,5807359,5708697,5708838,5703982,5709869,5716444,5711325,5715625,5711909,5694304,5712803,5713230,5712388,5710958,5712245,5712026,5713933,5710055,5848603,5712504,5714711,5714950,5712348,5710465,5711231,5714173,5716027,5716917,5714771,5713474,5715525,5717586,5715535,5713231,5717252,5718905,5714831,5718965,5719508,5711176,5716402,5717169,5837858,5719413,5715271,5706462,5720242,5710701,5715456,5719037,5721938,5716701,5708332,5713073,5723083,5721355,5719174,5721508,5721531,5716416,5722898,5720452,5721194,5724243,5848793,5722648,5723512,5727699,5699751,5724916,5731476,5712203,5727643,5729536,5729499,5729844,5730075,5727956,5807178,5730829,5725995,5731171,5731693,5731863,5731678,5727557,5729751,5729800,5731928,5732282,5732323,5726573,5731196,5730616,5732904,5733283,5733655,5728486,5735026,5729819,5734312,5729841,5725092,5730296,5734153,5732582,5733352,5734836,5734142,5731453,5731210,5736352,5736422,5732316,5735590,5732085,5733913,5737046,5731999,5735979,5733055,5732913,5738443,5735028,5738759,5734934,5712636,5732509,5788040,5719552,5798171,5733346,5736134,5739366,5739558,5728311,5731146,5741118,5735406,5736009,5731179,5736548,5737372,5740864,5737060,5740903,5731634,5733910,5739083,5742357,5739290,5732798,5744203,5722318,5741245,5741251,5738642,5748974,5745104,5745401,5744127,5714069,5736909,5746298,5745145,5813604,5742229,5746149,5730960,5746677,5740545,5736971,5715872,5744292,5731458,5744428,5719510,5746304,5734337,5748657,5748701,5747253,5742374,5830442,5736450,5746096,5733563,5746366,5713960,5705169,5752341,5750534,5733772,5759983,5751815,5753155,5720796,5751683,5751005,5750537,5750327,5752993,5756096,5757173,5756819,5752284,5756662,5754664,5756681,5699101,5737222,5709190,5757666,5757733,5743958,5736626,5759487,5759018,5756068,5716753,5759388,5760814,5761563,5760377,5755398,5741176,5760380,5749112,5758873,5759005,5758664,5758747,5758659,5751519,5763968,5762107,5764670,5768423,5760815,5764476,5724483,5739569,5759799,5756114,5761616,5761708,5763498,5760958,5766914,5766632,5767633,5763465,5767602,5716900,5720433,5763848,5758203,5763697,5765034,5734145,5763294,5802764,5729845,5746192,5767589,5770240,5736966,5768793,5717259,5847295,5767357,5769458,5766627,5737528,5767747,5768158,5769867,5767720,5716344,5767613,5823761,5767903,5767582,5767211,5772331,5765762,5773849,5772324,5773549,5719579,5769200,5768484,5731813,5769791,5773277,5727494,5773206,5715016,5733406,5771935,5770385,5770620,5771047,5770251,5773099,5766830,5772234,5769205,5771542,5773289,5749556,5769673,5840547,5734927,5768211,5773616,5725725,5775686,5776768,5770285,5775505,5768880,5765266,5777415,5777289,5776065,5770279,5776597,5778088,5774782,5776749,5777643,5767120,5760867,5776658,5778946,5767365,5806289,5848602,5775267,5779138,5775653,5779532,5769506,5756079,5772446,5710296,5775866,5743592,5777840,5850616,5778887,5778731,5778551,5780458,5779096,5748478,5779713,5783924,5751470,5762435,5781576,5784242,5726729,5781804,5784548,5722384,5776024,5708146,5786781,5771931,5786643,5780689,5787193,5783382,5742573,5781366,5776515,5723520,5788754,5774981,5785498,5780948,5788446,5789525,5791074,5783618,5790820,5844614,5787789,5784154,5788498,5791777,5787374,5786433,5792616,5792973,5768379,5794043,5730719,5786862,5837342,5793990,5788009,5816574,5716084,5796176,5841541,5788502,5796360,5795350,5792354,5793765,5796717,5796193,5710559,5741921,5790818,5791794,5797911,5796412,5794158,5793683,5777611,5795002,5795797,5783078,5795227,5797503,5799386,5738351,5841815,5800455,5848265,5732526,5800631,5797934,5756954,5800883,5763436,5801029,5773607,5744796,5802042,5771423,5797910,5802383,5767607,5802218,5802776,5802842,5802919,5710231,5753700,5807350,5801459,5804805,5804892,5770773,5770782,5805370,5805443,5768744,5806408,5806961,5807003,5831764,5806986,5807308,5806788,5803920,5807506,5807581,5807688,5803419,5768754,5808134,5756807,5809689,5808955,5770845,5777501,5810539,5810757,5808153,5811193,5811220,5811466,5768545,5811849,5811923,5812417,5809428,5775529,5813030,5813588,5777041,5813903,5814092,5814130,5814524,5768516,5814629,5814887,5747149,5815656,5815644,5816345,5812714,5814040,5732866,5781527,5816278,5817732,5817848,5817811,5815000,5818118,5728308,5818373,5818639,5818946,5776899,5818949,5819225,5819414,5816576,5819433,5816912,5738939,5819786,5816992,5820111,5772853,5820319,5801690,5817537,5820612,5820957,5792027,5818053,5824816,5778482,5815779,5779716,5817400,5822029,5821885,5775273,5821969,5822789,5822886,5823211,5819986,5823640,5823470,5783014,5824084,5784973,5824410,5825181,5851012,5826636,5719838,5826673,5826839,5827142,5827872,5827942,5828256,5828265,5808829,5830424,5829601,5828508,5828652,5828718,5828726,5828729,5774420,5829255,5829237,5829395,5829567,5828464,5829649,5829651,5829570,5829856,5829872,5830032,5828056,5830108,5830173,5830278,5830213,5830293,5830441,5830445,5830456,5830490,5732005,5830642,5830647,5830674,5830693,5830733,5830743,5830746,5830788,5794907,5830824,5831056,5831059,5828080,5831360,5831401,5831467,5831646,5831655,5765035,5831689,5831877,5832099,5835143,5830118,5830190,5832990,
